


N = 10;
x = 1:1:N;
y = [0, 0.039, 0.079, 0.119, 0.158, 0.198, 0.238, 0.277, 0.317, 0.315];







